id	X184A1	X184B5	X21MT1	X21NT	X21PT	X600MPE	AU565	BT474	BT483	BT549	CAMA1	EFM192A	EFM192B	EFM192C	HCC1143	HCC1395	HCC1419	HCC1428	HCC1569	HCC1806	HCC1937	HCC1954	HCC202	HCC3153	HCC38	HCC70	HS578T	JIMT1	LY2	MCF10A	MCF10F	MCF12A	MCF7	MDAMB134VI	MDAMB175VII	MDAMB231	MDAMB361	MDAMB453	MX1	SKBR3	SUM1315MO2	SUM149PT	SUM225CWN	SUM229PE	SUM52PE	T47D	T47D_Kbluc	UACC812	UACC893	ZR751	ZR7530	ZR75B
class	Normal-like	Normal-like	Basal	Basal	Basal	Luminal	Luminal	Luminal	Luminal	Claudin-low	Luminal	Luminal	Luminal	Luminal	Basal	Claudin-low	Luminal	Luminal	Basal	Basal	Basal	Basal	Luminal	Basal	Claudin-low	Basal	Claudin-low	Basal	Luminal	Normal-like	Normal-like	Normal-like	Luminal	Luminal	Luminal	Claudin-low	Luminal	Luminal	Basal	Luminal	Claudin-low	Basal	Luminal	Basal	Luminal	Luminal	Luminal	Luminal	Luminal	Luminal	Luminal	Luminal
ENSG00000005001	1.89	3.31	5.85	5.43	5.78	4.84	6.7	4.09	5.37	0	3.58	5.14	4.07	3.96	4	0	5.36	5.1	6.7	2.8	3.5	5.7	4.43	3.8	1.03	6.68	0	4.38	5.22	0	3.93	1.58	4.15	4.12	5.2	0.12	5.16	5.37	3.92	6.34	0	4.34	5.41	4.69	5.39	5.59	4.64	5.96	6.78	6.71	5	4.92
ENSG00000008283	6.13	5.39	7.77	7.36	7.42	6.35	7.78	5.52	6.89	4.03	6.02	8.33	9.49	8.29	5.34	3.46	7.04	7.59	6.95	6.18	5.84	6.34	7.55	6.51	4.74	6.13	5.31	6.32	8.48	5.01	5.73	5.14	7.22	6.48	6.95	5.58	8.92	7.43	7.01	7.66	3.97	6.69	7.94	7.24	8.68	7.62	7.92	7.12	8.64	8.15	6.6	7.64
ENSG00000013588	8.28	7.89	7.36	6.8	7.01	6.14	6.57	4.38	7.87	3.49	4.12	6.67	6.29	7.56	7.86	0.68	6.58	3.63	5.03	6.91	5.62	7.12	6.73	6.02	4.41	7.19	3.57	7.69	5.66	6.58	9.2	6.96	6.2	7.06	8.76	5.83	3.13	4.08	5.88	3.35	5.32	6.86	4.79	6.55	7.07	4.65	4.27	6.29	7.36	4.32	6.67	5.24
ENSG00000019549	6.01	5.19	4.23	4.15	4.4	0	0.11	0.04	0.9	4.73	0.08	0.04	0.04	0	1.9	4.94	0	0	2.68	4.41	3.57	3.56	3.26	0.9	5.2	2.99	5.38	5	0.1	5.54	6.07	5.91	0.19	0	0.78	2.5	0.74	0.12	4.82	0	5.2	1.52	0.48	5.09	2.83	0	0	0.14	0	0	0.06	0
ENSG00000026025	3.42	1.75	8.61	7.93	8.16	1.09	0.9	2.65	2.25	10.56	1.38	0.24	1.56	0.16	10.62	10.64	1.55	0	7.31	3.52	5.58	7.51	3.93	8.65	10.54	7.11	12.21	3.63	4.72	9.17	10.76	10.15	1.14	6.61	0.71	10.5	0.43	1.44	10.42	0.88	13.42	7.5	1.77	8.72	1.35	2.95	1.22	5.09	0.89	1.34	0.16	0.11
ENSG00000026508	9.12	8.57	8.4	8.3	8.42	3	4.08	3.44	4.55	8.79	2.1	2.93	5.28	5.95	9.38	8.08	2.49	6.27	9.6	11.01	9.1	10.43	7.76	7.93	8.24	7.39	10.37	10.51	4.61	8.76	9.06	8.38	3.44	6.49	2.17	7.86	6.15	1.52	8.19	2.17	9.44	8.4	8.04	8.86	0.2	5.65	5.85	5.67	5.35	4.86	5.91	0.68
ENSG00000049283	5.25	4.98	5.01	5.06	5.1	4.28	6.7	6.57	6.37	0.1	4.93	8.25	6.93	8.53	4.36	0.03	5.98	6.6	5.16	4.37	3.8	5.01	7.44	3.5	0.34	4.85	0.07	6.36	7.58	1.2	1.34	0.79	5.5	4.9	6.61	0	7.47	6.76	3.84	6.3	0.64	4.36	4.01	5.95	6.68	6.8	6.83	6.96	7.55	6.91	5.79	6.47
ENSG00000049323	4.51	3.91	0.82	1.29	0.87	3.97	5.54	3.06	4.03	3.42	5.24	2.62	5.15	3.67	2.04	3.84	2.44	1.89	3.36	1.12	1.1	3.47	5.5	2.24	1.98	3.22	6.42	3.56	4.46	6.51	4.59	6.41	3.11	3.65	3.16	3.49	3.17	3.6	2.53	4.26	4.72	1.04	2.3	1.96	3.12	3.84	3.57	3	4.03	3.9	3.66	3.02
ENSG00000057149	2.04	2.27	0.77	2.37	1.4	0	0.06	0	0	0	0	0	0	0	0	0.07	0	0	0.1	0.49	1.05	4.01	3.74	0.15	0	6.49	0	0.12	0	1.96	4.05	2.88	0	0	0	0	0	0	3.86	0	0	2.86	0	1.82	0	0	0	0	0	0	0	0
ENSG00000064270	1.22	1.36	4.25	2.59	3.03	4.2	5.27	4.61	4.74	0.06	4.92	5.23	3.98	5.09	2.32	0.99	5.77	4.69	3.22	3.47	4.36	3.1	5.92	4.03	0.31	3.5	1.16	2.64	5.46	0.73	2.62	0.58	4.92	3.5	5.03	0.31	4.74	5.38	5.08	5.32	0.77	3.12	6.16	2.57	2.9	3.15	3.69	4.5	6.09	5.16	4.47	3.33
ENSG00000064787	0	0.1	0.11	0.23	0.04	3.75	6.61	8.24	4.28	0.2	3.16	6.92	6.28	6.12	0.06	0.43	7.9	3.71	0.11	0	0.39	1.9	5.34	0.19	0.03	0.61	0.24	0.31	6.3	0.07	0.15	0.37	4.38	3.67	7.09	0.15	3.81	0.43	0.04	6.29	0	0	4.38	0.52	2.07	3.21	1.58	4.16	5.67	4.41	8.03	5.11
ENSG00000065361	2.41	3.72	5.52	5.69	5.85	6.91	7.73	6.47	7.57	0.19	6.9	7.65	7.16	8.09	4.12	0.8	7.19	6.81	6.18	4.45	4.82	4.6	8.55	4.04	0.5	5.69	1.08	4.15	7.32	3.01	3.18	2.86	6.83	7.22	6.41	2.08	6.08	7.45	5.12	6.12	0.36	3.43	6.31	4.87	5.66	7.01	6.43	7.26	6.5	6.14	7.35	6.57
ENSG00000072071	2.09	4.04	5.54	5.88	6.05	4.58	5.94	4.52	5.15	5.17	5.77	5.75	6.34	6.07	4.97	5.06	5.36	4.38	6.36	4.5	7.41	4.85	5.92	5.3	4.02	5.04	5.09	4.9	6.68	2.45	2.34	4.25	5.39	6.91	5.24	3.07	4.38	6.53	5.98	4.81	5.6	5.13	4.04	5.78	4.97	4.73	5.19	6.06	5.1	5.57	4.69	6.16
ENSG00000073350	4.63	5.47	6.61	6.32	5.91	5.5	7.36	5.93	6.7	1.38	6.65	6.38	7.43	7.68	5.99	2.46	6.44	7.35	5.69	5.01	5.6	5.6	7.08	6.4	1.43	5.57	0.85	4.77	8.37	4.89	5.38	4.96	7.99	6.35	6.11	3.07	7.76	7.78	6.5	7.42	2.46	6.15	6.54	6.41	6.27	6.26	6.68	6.96	10.61	7.9	5.28	7.65
ENSG00000085831	0.43	0.76	4.13	4.27	4	5.18	7.87	5.67	7.35	0.03	5.35	6.61	6.21	8.64	1.08	0.58	7.19	8.86	3.5	2.07	2.52	3.4	4.96	3.6	0.46	5.56	0.43	0.78	6.15	0.29	2.8	1.02	6.19	5.31	4.92	0.89	7.17	6.86	2.23	6.15	1.69	1.4	5.29	2.27	5.2	5.3	6.42	8.16	5.79	8.22	5.91	6.26
ENSG00000088002	0.29	3.91	4.95	5.57	5.77	2.16	4.44	5.38	5.16	0.14	3.81	6.28	4.67	5.14	1.49	0.36	5.32	5.5	0.81	2.46	4.06	3.46	5.77	1.48	0.38	3.09	0.36	1.31	6.17	1.8	2.32	5.15	6.12	2.97	5.4	0	5.15	2.97	1.75	3.22	0.49	1.69	5.38	2.75	6.9	4.49	3.91	5.66	5.52	5.25	4.73	3.88
ENSG00000089327	9.85	9.04	8.49	8.05	8.44	7.23	7.98	0.24	3.92	9.47	0	3.8	6.1	4.01	8.25	8.4	0.24	1.94	7.98	9.6	7.79	9.87	4.55	8.78	6.79	9.34	8.16	8	1.91	8.72	8.81	9.72	1.21	0.91	1.76	9.22	1.03	6.78	9.24	7.56	5.69	8.69	7.58	10.1	0.57	7.12	8.15	5.91	9.06	7.03	2.57	0.18
ENSG00000089356	9.79	11.15	7.45	6.56	6.14	9.3	9.13	8.27	8.24	0.16	7.16	10.92	9.26	10.2	7.84	0.58	7.79	7.25	3.3	8.5	9.17	9.75	6.06	9.06	0.07	10.33	0.07	7.46	7.28	8.77	8.34	9.56	7.77	8.16	10.18	0.71	9.18	9.28	8.72	9.88	0.99	7.46	9.71	9.77	10.2	7.9	6.77	9.07	9.81	10.03	9.14	9.43
ENSG00000091986	3.03	6.44	2.95	3.34	3.56	1.64	2.16	0.18	0.33	7.22	0.12	2.04	3.12	0.2	2.6	2.8	0	0.39	0.25	2.65	4.23	2.19	4.93	4.38	6.03	4.71	6.97	4.59	0.86	2.8	4.5	3.67	0.67	0	0.36	3.69	0.11	0.14	1.81	0.55	2.46	3.73	0.06	3.5	2.57	1.28	0.92	0	0	0.08	0.08	0.03
ENSG00000100031	1.75	3.97	1.8	1.08	1.84	3.73	7.63	3.55	4.13	1.21	4.6	3.99	6.06	4.78	2.39	0.92	5.75	3.73	1.51	2.03	1.52	3.04	6.97	3.11	1.46	2.34	3.94	0.9	3.1	0.41	2.74	1.8	1.47	4.81	4.63	3.29	7.87	5.65	2.66	5.33	2.68	1.43	5.94	1.7	4.1	3.98	3.32	4.03	6.42	6.01	5.53	2.38
ENSG00000100311	1.93	0.11	3.14	2.4	2.74	2.55	4.21	3.63	6.31	1.45	5.27	5.15	4.15	5.84	6.11	0.03	5.1	5.38	0.71	2.2	3.49	3.48	6.02	6.33	1.93	3.4	0.21	1.71	4.95	0.73	3.04	0.27	4.4	5.49	3.98	2.08	4.27	4.14	3.44	5.29	0.29	3.12	5	2.36	2.51	4.77	4.54	4.36	5.88	4.59	5.03	4.28
ENSG00000103067	4.95	5.59	6.19	6.21	6.21	4.76	6.58	5.92	6.88	0.27	6.2	7.14	7.49	7.33	4.12	0.52	6.24	6.93	3.36	5.22	5.35	5.65	6.15	4.08	1.3	5.27	0.46	3.89	6.68	5.78	4.48	5.29	6	3.76	5.81	0.53	6.16	7.53	5.53	5.67	0.52	6.05	6.13	4.78	6.47	6.86	6.77	5.44	5.9	6.58	5.18	6.72
ENSG00000104413	5.66	5.84	5.36	5.53	5.44	6.42	3.52	6.85	6.7	0.25	6.27	5.11	5.34	6.15	5.27	0.21	7.54	6.17	8.03	5.39	6.44	7.15	5.63	6.13	0.33	6.4	0.03	6.15	5.47	4.62	3.8	5.2	6.42	5.83	6.89	0.45	6.38	6.41	5.87	3.21	0.51	4.07	6.5	5.14	4.96	5.85	5.35	5.15	5.23	5.66	5.86	5.89
ENSG00000105971	7.6	7.18	6.69	6.43	6.54	4.11	0.99	0.53	1.62	6.73	0.12	1.18	0.58	0.06	7.23	7.16	0.25	3.25	3.75	7.44	7.25	6.1	4.54	6.64	7.19	6.88	6.24	6.51	3.68	7.49	7.8	6.68	1.21	0.57	1.68	5.95	1.06	0.29	3.93	0.43	6.18	7.77	3.48	6.81	4.56	0	0.08	0.45	2.93	0.76	0.86	0.5
ENSG00000107485	5.39	4.52	3.25	3.69	3.82	4.17	3.3	5.91	8.83	0.08	8.31	6.24	6.05	6.95	2.51	0.12	6.42	7.64	2.55	4.12	4.35	5.44	7.08	2.84	2.66	5.51	2.14	5.67	8.9	2.91	3.79	2.82	8.82	8.43	6.12	2.9	5.69	8.97	0.52	4.2	5.36	5.6	5.46	4.32	5.76	8.76	9	8.65	5.85	7.59	6.43	7.48
ENSG00000110169	1.21	0.58	0.27	0.57	0.25	1.97	5	4.38	3.04	0.21	1.51	2.51	2.66	4.63	0.21	0.54	4.5	5.17	0.34	0.15	0.11	0.54	6.32	0.73	0.46	0.1	0.4	0.33	1	0	0.25	0	1.14	2.77	2.56	0.86	2.42	3.61	0.69	2.14	0.77	0	3.57	0.18	1.7	2.72	0.08	4.33	3.7	2.04	3.54	2.16
ENSG00000110171	4.22	4.29	4.47	3.54	3.17	5.69	7.06	5.98	5.6	4.39	5.86	5.56	6.01	6.8	3.29	2.35	7.01	5.09	3.29	3.97	2.32	3.24	6.04	2.88	3.26	2.66	4.56	2.12	5.25	3.93	4.22	3.04	3.98	5.55	5.31	3.79	4.86	7.78	4.44	7.29	4.8	2.75	5.91	3.29	5.55	5.71	4.76	6.47	5.27	6.35	6.05	5.99
ENSG00000111540	4.94	6.17	4.75	5.66	5.22	5.71	5.12	6.13	6.2	4.29	5.98	5.88	5.47	6.21	3.95	4.59	5.63	5.79	5.31	4.17	4.85	4.76	5.71	5.28	4.83	5.54	3.83	4.94	5.5	5.49	5.26	5.35	5.61	5.84	6.23	4.98	6.33	5.88	4.09	5.09	5.28	4.2	5.74	4.99	6.06	6.51	5.45	5.47	5.53	5.78	5.91	5.08
ENSG00000112877	2.73	1.89	3.08	3.76	4.13	2.09	3.92	3.1	3.07	3.32	3.53	3.74	3.64	3.18	3.88	3.56	2.94	3.19	3.17	3.72	4.9	6.79	5.03	3.31	4.29	4.74	3.47	3.74	2.52	2.53	2.41	2.7	2.34	3.25	2.25	3.87	3.53	3.93	3.17	3.33	3.12	2.86	2.16	3.78	3.36	3.27	3.55	3.27	3.24	2.71	0.75	2.19
ENSG00000113494	0	0.01	0.18	0.25	0.25	1.42	3.73	5.31	5.94	1.66	5.49	2.98	3.17	3.31	2.35	2.42	5.62	6.16	3.18	0	1.98	3.02	5.88	2.56	0.84	2.57	0.32	0.5	3.86	0.07	0.03	0	4.97	6.14	3.71	0.42	6.43	4.7	1.95	3.34	0.1	0.93	1.81	0.11	4.96	8.14	6.64	3.31	5.48	3.35	5.36	1.75
ENSG00000115267	1.12	2	1.89	2.16	2.13	3.22	2.64	1.99	3.78	0.08	3.41	3.11	3.92	2.02	1.96	1.08	1.62	2.34	6.78	1.94	3.03	3.2	3.92	1.95	1.3	5.15	0.31	2.19	1.92	1.87	1.48	1.16	1.61	3.44	1.96	1.15	1.85	2.65	4.23	2.09	1.31	2.58	3.72	2.52	2.23	1.87	2.36	0.34	1.92	2.3	1.84	1.82
ENSG00000115468	0.32	0.07	3.38	2.49	2.61	7.04	7.2	7.48	7.85	1.2	8.3	6.47	7.46	8.15	5.26	2.77	7.71	7.2	5.26	0.77	2.56	2.65	6.89	5.83	0.46	3.44	0.31	3.29	1.93	0.11	0.41	0	6.14	5.86	6.21	2.54	5.86	6.21	5.57	7.5	0.96	1.65	7.28	0.8	7.52	7.82	6.92	7.29	8.03	7.78	6.44	5.73
ENSG00000116299	0.97	0.77	0.55	0.7	0.41	6.28	6.51	6.84	6.43	0.69	7.98	5.61	5.85	6.82	0.63	0.3	6.73	6.16	0.44	0.27	1.12	1.26	5.94	0.53	0.53	3.51	0.56	0.32	5.43	0.27	0.82	0.44	8.1	7.04	4.99	0.9	6.86	7.06	2.73	5.95	0.71	0.5	7.65	0.41	5.55	5.39	4.51	6.36	5.06	6.01	5.94	5.46
ENSG00000117472	6.2	7.3	7.23	6.97	7.33	7.04	5.16	7.39	4.86	1.08	2.77	8.98	6.74	7.57	3.39	0.97	8.23	3.25	2.27	6.49	4.35	6.02	5.59	2.36	0.92	6.53	0.92	4.41	4.43	4.49	5.84	4.29	4.68	3.87	8.03	1.7	6.8	6.99	2.83	4	3.19	3.4	7.08	5.62	8.38	3.62	2.75	4.73	8.5	6.39	6.64	6.46
ENSG00000119888	2.73	4.04	7.05	7.03	6.88	8.21	6.65	7.58	6.79	0	6.95	6.73	6.21	6.15	7.83	0.07	7.24	6.11	7.53	7.74	6.63	6.99	6.36	7.19	1.63	6.98	0.39	7.39	6.47	3.37	4.82	3.46	8.13	7.54	7.12	2.11	8.2	7.11	5.58	5.66	0.8	6.12	6.87	6.37	7.01	5.83	6.33	5.91	7.41	7.29	6.99	7.19
ENSG00000122641	2.82	1.61	5.87	4.91	5.25	0	0.4	0.12	2.28	5.27	0	0.06	0.33	0.06	4.71	4.07	0.06	0.2	0.25	4.05	2.86	3.49	4.15	4.43	2.25	2.03	6.58	2.52	0.3	4.4	7.08	1.39	0.45	0	0.67	0.95	0	0.16	5.27	0	0.93	5.93	0.14	2.43	0.04	0.18	0.65	0	0.27	0.18	0.07	0
ENSG00000122863	4	4.2	2.57	3.51	3.83	0.68	0.29	2.16	0.03	4.18	0	1.8	1.82	3.38	3.52	3.84	0.14	0.06	3.38	2.92	3.49	0.57	1.24	4.21	3.04	1.62	4.7	3.7	0.41	3.19	4.64	4.28	0.12	0.08	1.87	3.1	1.45	0.01	4.91	0.88	6.3	3.3	2.72	2.94	0.04	0.73	0.52	0.26	1.24	2.21	2.2	2
ENSG00000124126	1.28	0.25	2.48	2.67	2.81	3.54	6.44	5.8	7.36	0.03	3.88	8.19	7.21	8.95	1.83	2.86	3.71	5.44	3.04	3.12	2.01	0.89	4.15	0.24	1.55	0.03	3.56	2.34	8.86	0	0.19	0.18	6.54	5	4.76	0.15	6.11	1.58	2.57	6.73	0.29	0.58	2.39	2.36	4.46	7.19	6.07	5.53	5.88	7.59	6.55	3.65
ENSG00000129514	2.49	1.95	5.83	5.02	5.29	6.67	6.9	7.42	7.53	1.26	7.4	7.56	7.2	7.65	2.24	0.1	7.29	6.36	0.69	3	4	5.54	6.84	4.51	0.42	5.12	0.99	2.8	7.92	1.5	2.86	1.72	7.41	7.39	7.18	2.7	6.66	8.41	2.35	6.45	0.58	2.3	7.72	4.18	6.46	7.59	7.96	8.18	7.73	7.16	7.4	7.5
ENSG00000130545	4.37	5.2	4.99	4.77	4.92	2.82	4.96	3.61	4.36	0	4.77	5.44	5.08	5.49	4.49	0	4.88	3.94	4	4.57	5.21	4.46	4.61	5.44	0.12	4.27	0.18	3.87	5.31	4.11	3.85	4.52	3.84	4.61	5.68	1.1	4.49	5.71	5.74	5.34	0.3	5.85	5.93	3.98	4.91	5.6	5.94	5.55	5.96	6.12	4.18	4.65
ENSG00000131037	3.45	6.58	5.83	5.82	5.5	6.94	7.33	5.76	7.35	3.04	6.14	7.92	6.39	7.83	2.66	2.84	7.24	7.15	4.58	3.55	5.89	4.26	7.16	3.73	0.18	4.86	3.12	4.02	5.66	4.17	5.16	4.91	5.6	5.67	5.92	4.47	6.22	6.82	3.15	6.07	1.37	4.64	7.22	5.34	8.24	6.59	5.79	7.35	6.04	7.52	7.36	7.41
ENSG00000132746	2.51	3.08	3.14	3.93	3.55	4.09	6.85	8.83	6.02	0.31	7.06	7.4	5.89	6.93	1.62	1.93	6.92	4.4	5.32	0.04	2.87	3.8	6.96	3.17	1.66	1.19	0.93	1.32	6.15	2.24	2	2.88	7.11	8.46	6.95	0.36	7.97	7.45	2.98	6.69	1.54	6.38	8.46	2.41	7.13	6.2	5.1	7.26	7.72	7.87	7.14	6.5
ENSG00000133195	2.96	3.68	4.87	4.6	4.74	5.07	5.22	4.26	5.01	2.28	6.6	5.42	4.8	6.28	3.88	4.25	4.5	5.89	4.01	2.91	3.91	4.64	5.69	4.97	3.86	4.86	3.38	3.58	5.29	2.9	3.65	3.43	4.97	4.07	5.59	2.85	4.9	3.49	4.69	5.7	4.76	2.36	6.79	3.87	3.51	5.71	5.26	6.97	6.79	7.98	6.21	6.13
ENSG00000134954	4.6	1.89	4.71	4.57	4.71	0	1.61	0	0.01	6.11	0	0	0	0	6.78	5.94	0	0	5.45	6.03	6.21	3.65	4.63	5.68	4.04	3.75	5.13	4.24	0.85	5.05	6.16	4.59	0	0	0.04	6.32	0	0.32	5.68	0.7	5.5	5.21	3.09	4.68	0.55	0.32	0.26	0	0	0.03	0.42	0
ENSG00000135046	8.47	8.99	7.34	7.57	7.27	6.26	1.53	1.94	3.48	7.41	0.38	1.49	1.19	1.41	8.27	7.76	2.91	0.53	8.35	8.45	8.44	9.41	3.69	8.31	7.72	9.33	7.23	8.22	1.16	8.52	9.56	8.29	0.4	5.12	5.64	8.2	5.42	0.44	6.78	1.1	5.25	7.1	5.76	6.51	6.43	2.06	1	2.1	1.74	3.3	4.01	1.39
ENSG00000137193	3.26	4.46	3.6	3.89	3.55	1.24	2.15	1.97	1.66	3.84	2.52	2.78	2.75	1.92	4.39	3.98	1.52	1.94	6.28	3.74	4.08	4.36	3.71	5.11	3.23	4.25	2.88	3.6	2.8	3.92	4.24	5.04	2.02	1.9	1.84	4.01	3.18	1.23	5.11	2.08	5.95	4.06	3.36	4.05	2.97	2.11	2.46	2.42	2.66	2.32	0.86	2.17
ENSG00000137440	7.18	5.94	2.08	2.89	2.02	0.83	0.07	0	0.15	0	0	0.45	0.18	0	4.89	0.26	0	0	0.23	6.68	6.22	1.92	3.5	5.36	0.07	5.72	0.16	2.34	0.41	6.51	4.06	7.27	0	0.08	0.27	0.11	0.25	0.38	2.74	0	0.14	6.26	5.07	3.96	1.83	1.77	0.87	0	0.39	0	2.45	0
ENSG00000139531	3.67	3.5	3.8	4.18	3.79	4.1	5.32	3.96	4.69	3.07	4.26	5.15	4.32	5.29	2.67	3.65	4.93	4.67	2.12	3.27	3.17	3.38	5.36	3.5	3.7	3.82	3.15	2.98	5.14	2.73	3.09	2.78	4.53	4.47	4.43	3.24	4.05	4.69	3.14	4.32	3.42	2.88	3.36	3.4	4.37	6.3	5.47	4.98	5.17	4.04	4.36	3.89
ENSG00000139832	3.2	1.3	4.87	4.02	4.14	5.89	5.16	3.65	4.03	2.09	3.94	7.29	5.89	4.84	3.94	0.38	4.53	3.57	5.06	4.2	4.4	4.32	4.84	4.96	2.63	4.19	1.4	4.07	4.26	2.16	2.56	2.72	2.91	1.93	5.24	1.98	4.35	3.61	3.35	4.77	0.75	5.12	4.96	3.89	3.22	5.13	3.93	3.1	4.92	3.94	4.55	3.38
ENSG00000143412	0.63	2.67	1.16	1.81	1.66	4.09	3.42	1.63	5.94	0.21	5.4	5.15	2.97	2.67	0.31	0.61	4.11	4.81	1.33	0.79	0.93	2.55	3.99	0.36	0.4	2.42	0.19	1.81	5.82	0.29	0.86	0.16	6.22	4.71	5.46	0.34	4.45	4.49	0.07	2.68	0.58	1.1	2.63	2.2	2.81	5.29	5.43	4.66	4.15	4.65	4.51	1.86
ENSG00000143416	0	0	2.32	4.26	3.72	6.54	9.64	5.75	6.42	0.06	7.02	7.44	7.75	8.56	1.71	4.73	5.91	4.59	2.06	0	3.7	4.28	6.89	1.62	0.21	6.45	1.93	0.03	6.02	2.43	3.46	0.62	7.13	5.9	5.88	3.31	5.03	8.34	6.5	8.7	0.11	1.55	6.9	3.14	6.71	4.48	5.3	7.59	7.38	7.73	7.46	7.24
ENSG00000143578	2.68	3.69	4.24	4.1	3.88	7.34	7.56	7.62	7.31	2.11	7.08	7	6.13	7.98	3.64	3.71	7.04	5.02	4.16	2.27	2.99	5.04	7.06	3.38	2.49	5.35	2.26	2.06	5.51	3.16	2.68	2.39	6.07	5.23	6.25	2.65	6.18	8.04	5.56	7.45	4.06	3.16	7.48	4.17	6.48	7.47	5.81	7.43	7.11	7.73	7.36	7.66
ENSG00000143878	5.87	5.46	5.37	5.69	5.4	6.45	7.75	6.97	7.44	4.19	8.18	7.28	8.24	7.83	4.28	2.46	8.35	8.22	4.18	3.56	2.93	3.59	6.55	3.14	2.01	2.26	6.09	4.36	8.05	3.98	7.18	5.77	6.78	8.18	6.97	4.8	7.21	8.43	6.1	7.69	3.69	5.83	5.14	4.13	7.25	6.44	6.44	7.69	7.36	6.73	6	7.59
ENSG00000146648	6.34	5.95	5.78	5.94	6.3	3.6	5.59	3.16	1.39	4.94	0.01	0.4	0.93	0	5.23	4.19	0.06	1.63	2.49	5.51	5.62	5.15	4.02	4.41	3.58	5.07	5.79	5.32	1.6	6.8	4.85	6.72	0.45	0.03	2.26	5.91	2.09	1.16	3.09	3.47	4.72	6.41	2.44	6.31	0.04	2.22	2.12	0.16	5.05	1.7	0.49	1.37
ENSG00000147065	7.06	6.36	8.35	7.65	7.51	3.11	1.37	0.12	0.5	8.2	0	0.33	4.33	0.34	8.87	7.54	0.15	3.9	6.51	7.69	7.08	7.6	2.45	6.63	8.15	7.59	8.29	8.04	2	7.27	8.13	8.09	0	3.5	0.7	8.12	0.1	0.67	8.77	0.04	7.46	7.33	2.25	8.11	0.03	0.24	1.55	0.36	0.91	2.8	0.34	4.53
ENSG00000148396	5.17	4.55	5.38	5.14	5.33	5.45	5.87	6.52	6.22	4.7	6.41	6.83	6.18	6.66	5.28	4.78	7.3	6.21	5.23	4.55	4.88	5.13	5.59	4.96	5.01	4.51	4.39	5.24	6.08	4.66	4.2	5.15	5.85	6	6.35	5.06	5.67	7.05	4.95	5.17	5.26	4.86	6.33	5.35	5.21	5.79	5.47	6.15	7.11	6.27	6.4	6.33
ENSG00000149573	6.27	6.4	5.18	5.83	5.24	3.42	5.61	3.18	3.15	0	0.62	4.66	4.72	4.82	3.93	0	3.59	3.64	3.86	6.34	5.15	5.45	5.01	4.95	0.38	5.24	0.15	4.99	5.07	5.95	4.02	5.86	4.41	0.27	6.39	1.18	3.5	2.74	4.61	3.87	0	3.84	4.64	4.39	4.45	5.34	4.56	4.5	4.38	2.18	4.27	2.1
ENSG00000151117	1.08	1.48	0.23	0.43	0.2	3.32	2.48	4.04	2.44	0.57	2.24	2.44	3.38	3.46	0.16	0.31	5.3	2.2	1.59	0.36	1.46	1.05	4.54	1.12	0.24	0.58	0.12	0.99	2.67	0.2	0.39	0	1.43	3.18	3.71	0.12	5.09	4.16	2.4	1.1	0.63	0.11	5.93	0.36	5.2	2.78	2.33	4.62	5.12	5.48	6.28	2.51
ENSG00000155380	6.46	5.71	5.87	6.07	6.28	0.58	0.61	0.44	1.4	5.84	3.59	2.81	4.23	3.04	5.06	4.89	0.56	2.24	4.95	5.48	6.45	3.41	4.1	5.1	6.67	5.12	4.86	4.9	3.66	6.55	6.46	7.17	2.63	3.11	1.04	0.56	2.33	1.52	4.89	0.34	5.74	6.05	1.04	5.76	5.43	3.08	1.59	0	1.51	1.91	0.69	3.84
ENSG00000160179	2	1.39	0.39	0.41	0.03	3.1	3.78	2.97	4.21	0.08	4.55	2.69	1.11	3.16	0.36	0.36	5.2	4.33	0.71	0.65	1.06	0.41	4.7	0.91	0.12	0.07	0.42	0.07	5.31	2.84	0.61	1.01	4.11	4.97	6.55	0.27	5.38	5.81	1.65	3.08	0.24	1.3	5.72	3.63	1.46	2.55	1.99	4.82	3.92	5.02	5.07	4.54
ENSG00000160180	0	0.11	1.31	0.57	1.06	6.47	4.23	8.75	10.01	0	4.02	6.2	6.05	10.56	0.42	0.36	10.39	8.6	0.36	0	0.12	0.71	6.11	0.46	0	0	0.3	0.67	6.94	0.12	1.76	0	6.05	4.91	10.72	3.46	9.72	3.4	0	3.26	0	0	3.93	0	0.3	6.36	8.35	12.81	8.66	9.94	8.21	8.83
ENSG00000161921	2.63	4.03	4.65	4.86	4.91	4.68	1.1	2.15	4.49	4.39	1.1	5.99	5.92	5.95	5.43	2.82	4.01	4.63	7.06	5.87	6.34	5.44	5.61	3.67	1.41	6.65	0.86	4.83	4.73	3.92	4.11	2.69	4.05	2.63	4.63	0.45	4.28	3.82	8.2	2.67	1.68	5.19	5.1	3.82	3.87	6.24	6.46	4.23	2.38	5.7	3.59	3.52
ENSG00000162078	2.98	0.88	3.46	3.7	4.35	7.18	5.13	5.35	5.43	0	6.19	6.35	4.28	5.49	1.23	0.61	5.11	5.11	1.66	2.09	2.06	0.49	5.65	1.88	0.34	5.03	3.69	0.12	5.78	1.7	4.45	1.82	5.4	5.97	6.42	3.61	5.87	4.42	3.94	5.86	0.26	1.94	4.77	3.81	5.54	6.31	4.98	7.07	7.02	6.1	6.77	5.8
ENSG00000162105	1.58	0.03	3.01	2.96	3.63	4.28	4.39	4.99	4.5	0.01	3.55	4.34	3.93	5.85	4.06	0.54	6.18	2.84	3.25	2.34	3.74	3.26	5.93	2.74	0.48	4.02	0.15	1.24	5.05	0.14	1	0	4.6	6.58	5.36	1.16	4.91	5.4	0.95	4.12	0.36	1.66	4.91	1.82	3.35	5.36	3.76	4.8	6.34	4.83	5.68	4.42
ENSG00000162616	3.79	4.22	2.77	3.4	2.97	3.41	1.61	1.16	1.85	6.48	1.74	0.93	1.99	0.77	2.41	5.12	2.82	1.92	2.27	3.08	2.24	2.27	4.09	3.51	3.91	3.01	5.05	3.94	1.53	2.77	2.48	1.15	1.34	2.26	2.16	3.49	2.4	1.53	2.75	1.74	3.86	2.79	2.19	2.99	1.83	1.09	1.75	0	0.93	1.24	2.42	0.26
ENSG00000163220	7.57	9.53	8.72	9.42	9.22	7.38	10.81	0.41	6.39	1.1	1.01	8.9	9.72	6.15	3.74	3.16	2.08	0.64	7.66	2.88	6.79	11.01	5.97	7.27	2.15	9.2	0.69	4.67	4.36	8.87	8.28	10.89	1.66	0	10.12	0	0.88	2.76	9.5	10.07	1.68	4.69	7.29	9.15	10.46	3.92	7.53	9.26	11.43	6.3	0	2.09
ENSG00000163734	0.88	0.93	3.09	2.58	2.97	0	0	0	0	1.79	0.12	0	0.06	0	0.86	1.44	0	0	2.23	1.19	0.69	0.63	2.83	2.32	1.71	1.66	2.44	0	0.06	2	7.96	2.13	0	0	0.11	0.89	0	0	3.76	0	4.49	5.71	0.76	0.96	0	0	0.38	0	0	0	0	0
ENSG00000164086	6.09	5.44	5.53	5.13	5.38	1.84	3.27	2.72	2.76	5.33	2.51	2.73	4.21	3.4	3.41	3.34	2.08	2.42	4.99	5.29	5.26	3.58	3.35	4.29	3.27	2.07	5.05	4.15	3.76	6.1	5.7	6.73	1.83	2.49	2.79	5.04	2.63	3.61	4.58	3.32	5.28	4.5	1.88	5.33	3.45	1.95	3.42	3.58	2.22	3.31	2.35	2.75
ENSG00000165731	0	0.07	0.01	0.01	0	0.19	1.5	5.3	3.23	0.15	2.66	3.31	1.42	6.76	0.1	0.11	5.36	6.32	0.14	0.6	0.49	0.44	2.52	0.31	0.42	0	0.01	0	4.55	0	0.04	0	4.9	5.82	4.01	0.25	4.15	3.14	0.58	0	0.07	0	0.64	0.03	3.01	0.91	0.45	5.74	6.64	1.71	1.87	0.49
ENSG00000166396	3.53	7.33	1.69	2.66	2.63	0.71	0	0	0	3.15	0	0	0	0	2.24	1.66	0	0	3.19	2.91	2.8	1.18	3.11	2.17	1.27	0.5	1.31	4.09	0	1.33	4.54	2.77	0	0.21	0.04	1.07	0	0	7.58	0.25	0	2.25	0	2.12	0.1	0	0.1	0	0	0	0	0
ENSG00000167183	0	4.82	2.27	2.23	2.48	5.98	4.63	5.57	5.38	0	4.94	5.8	4.88	5.14	5.37	0.14	8.4	5.01	1.88	0.24	2.11	3.51	5.35	2.97	0.34	5.17	0.06	1.36	4.91	1.04	1.69	1.38	5.38	4.33	6.4	0.3	6.79	6.07	3.49	3.83	0.2	0.88	5.88	2.74	7.09	4.6	5.19	5.53	5.58	6.78	5.29	6.06
ENSG00000167861	2.82	2.8	3.79	3.82	4.19	5.77	7.95	6.49	7.34	0.26	6.54	6.78	6.74	8.07	2.37	0.69	7.4	6.5	2.31	2.9	4.28	4.75	7.12	4.09	0.86	3.77	0.91	2.21	7.52	1.1	3.37	0.7	6.5	6.47	6.59	3.3	7.92	9.58	2.74	7.69	1.45	3.24	7.56	3.13	6.9	7.02	6.47	8.07	7.01	7.95	6.72	8.02
ENSG00000168350	0	0.42	0.12	0.6	0.61	2.28	2.52	4.83	6.33	0	6.11	5.64	3.42	7.18	0.44	0.74	1.61	7.29	1.06	0.16	1.09	0.26	4.04	3.29	0.29	0.96	0.12	0.12	5.78	0.56	0.56	0.15	4.92	5.99	6.34	0.18	4.39	6.29	2.68	3.18	2.16	0.87	5.75	0	1.29	5.68	6.41	6.74	4.43	8.34	5.59	6.71
ENSG00000168497	5.09	4.65	0.33	0.82	0.72	0	0	0	0.03	0.04	0	0.11	0.19	0	2.88	0	0	0	0	0.63	0.1	0.37	4.26	0.86	0.12	0.39	1.17	0.03	0.06	3.59	3.21	4	0	0	0.03	7.12	0	0	0	0.06	0	0	0.07	2.43	0.08	0.08	0.12	0	0	0.04	0.12	0
ENSG00000168528	9.54	8.07	6.15	5.92	6.03	5.86	7.91	6.51	6.99	0.38	7.32	7.62	5.77	6.89	3.52	0.82	6.47	7.37	5.89	7.01	6.84	6.99	8.06	7.37	0.62	8.55	5.16	6.2	4.06	8.13	7.69	7.25	3.61	6.06	6.77	4.21	6.33	8.2	5.7	8.93	2.29	8.49	9.4	8.95	8.33	7.79	7.09	7.18	9.25	8.61	7.75	7.75
ENSG00000168672	3.56	4.56	5.3	4.65	4.7	5.97	4.22	6.05	5.2	1.58	5.62	7.92	4.15	8.27	5.58	1.19	6.93	5.04	5.48	5.01	4.97	5.36	4.41	5.03	0.29	5.07	0.88	6.57	5.49	3.18	4.43	3.62	5.6	6.03	6.98	1.94	5.94	6.34	5.23	4.49	2.02	3.13	6.26	5.47	5.64	4.78	4.84	5.34	6.01	4.8	7.7	3.56
ENSG00000171124	1.54	2.34	4.64	4.25	4.13	3.7	3.76	0.41	1.26	0	0.08	2.02	2.44	1.39	2.6	0.61	2.59	1.19	6.27	3.89	3.63	4.84	4.19	3.89	0	3.7	0.04	2.89	0.29	1.06	3.56	1.47	0	0.24	3.17	0	2.27	2.14	4.01	3.6	0.36	4.6	6.29	3.16	4.33	0.3	0.6	0	5.7	4.44	1.8	1.84
ENSG00000173890	0.04	0.16	0.57	0.7	0.4	3.85	3.82	5.78	3.89	0.59	4.5	4.55	2.55	3.08	1.32	0.29	6.41	4.28	1.96	0.64	2.05	2.35	4.28	2.89	0.61	3.71	1.32	2.23	4.34	0.36	0.59	1.21	4.88	4.74	7.01	0.99	5.52	6.26	0.86	4.9	0.12	0.48	3.28	1.01	4.57	4.23	4.63	4.35	4.99	4.71	5.85	3.7
ENSG00000174233	4.15	4.35	3.88	4.5	4.09	5.05	6.75	4.07	5.51	3.64	5.59	5.54	6.61	7.25	2.59	3.07	4.98	4.56	3.91	1.44	4.17	3.56	5.83	3.48	3.65	3.93	3.68	4.32	5.42	3.21	3.71	1.87	4.23	5.41	5.47	3	5.36	6.4	3.67	5.79	3.72	4.36	5.2	4.17	5.48	5.54	5.33	6.1	5.53	5.12	5.71	4.95
ENSG00000174669	2.89	3.29	5.79	5.9	6.14	5.02	6.25	5.07	4.02	1.74	5.32	4.28	5.42	4.56	4.34	1.11	1.43	3.54	4.53	4.04	3.94	3.64	3.71	4.91	1.22	4.53	0.46	1.99	5.84	2.69	2.33	2.47	5.36	2.68	4.42	3.1	4.19	5.58	5.01	4.99	2.83	5.96	5.22	3.82	6.2	6.18	5.62	5.29	5.16	6.2	3.43	5.7
ENSG00000175274	4.07	1.01	2.56	3.78	3.94	6.26	7.21	6.48	6.02	0.03	6	6.64	7.46	7.38	4.64	5	6.19	6.72	3.33	1.91	5.16	5.27	5.67	6.53	3.81	4.99	5.44	0.32	6.18	1.77	4.24	2.7	5.73	5.54	7.26	0.27	5.75	6.6	3.59	7.18	2.24	1.72	6.85	1.94	5.67	8.17	8.33	5.88	8.19	7.88	5.47	7.05
ENSG00000175416	8.37	8.61	7.23	6.6	6.81	5.27	7.54	6.13	6.73	6.47	7.05	8.32	7.48	8.07	7.88	5.69	6.25	6.97	6.7	7.1	7.95	6.71	6.17	7.94	5.7	6.43	7.22	6.97	8.31	8.71	8.42	8.78	6.84	7.02	6.47	7.91	4.91	6.54	7.68	7.46	7.03	7.38	7.03	7.47	7.66	6.99	7.78	7.79	6.42	6.64	6.46	6.5
ENSG00000175600	4.56	6.45	1.53	1.51	1.29	1.68	0.44	0.07	0.12	3.08	0	0.27	0.07	0	2.17	1.39	0.81	0.3	2.5	1.98	1.07	0.76	0.48	1.02	1.72	0.24	2.94	0.58	0.12	3.65	2.15	3.56	0.23	0.29	0.4	0.59	0	0	2.36	0	3.05	0.86	0	0.39	0.08	1.18	0.51	0.19	0	0.5	0	0.58
ENSG00000176014	8.9	8.4	7.04	7.38	7.61	0.37	5.97	3.69	1.82	7.37	2.22	5.54	6.92	7.51	7.57	6.34	3.58	5.95	5.98	7.08	8.06	4.22	5.71	7.79	8.41	5.85	8.9	5.34	7.33	8.39	8.34	8.63	5.4	4.58	0.66	6.96	4.45	1.67	5.21	4.2	9.01	8.02	5.06	7.76	3.84	6.07	6.87	6.83	3.34	6.46	3.92	7.35
ENSG00000176387	3.19	4.67	3.42	3.88	3.73	0	4.8	1.84	3.01	0.85	3.11	4.75	4.65	4.6	2.77	0.11	2.23	4.78	3.5	2.91	3.54	1.2	4.34	1.41	0.9	5.28	0.4	3.24	2.32	2.35	2.36	3.36	1.88	1.67	2.07	1.16	2.77	3.69	3.54	5.07	0.5	5.36	5.71	6.11	2.32	3.25	4.15	2.88	4.53	4.91	1.26	4.25
ENSG00000177469	7.27	6.65	5.6	5.84	6.03	0.39	1.77	0	0.2	8.06	1.61	1.31	1.12	0.98	6.04	6.28	1.68	0.45	3.31	6.3	7.23	3.44	2.38	4.23	7.83	3.89	8.7	6.7	3.14	6.51	6.94	7.33	0.43	0.69	0.12	7.7	0.1	0.23	6.38	1.66	6.73	7.3	3.06	7.69	3.26	3.9	3.61	0.71	1.41	0.31	1.24	0.03
ENSG00000179195	3.75	4.78	4.9	4.53	4.65	6.13	5.73	6.95	6.74	4.65	5.11	6.65	6.41	6.58	4.81	4.49	5.58	6.41	5.24	5.85	5.1	5.12	5.63	5.94	5.03	4.79	3.85	6.05	6.76	4.99	4.77	4.52	6	5.67	6.42	5.04	7.7	5.8	5.36	5.97	5.56	5.27	5.88	5.57	6.25	6.16	6.61	6.07	6.85	6.34	5.55	5.23
ENSG00000182379	2.15	0.95	2.38	2.7	2.86	0.3	5.04	0.99	3.75	3.36	0.39	5.38	5.7	6.04	3.18	2.68	1.91	4.35	3.68	3.4	4.09	3.21	2.77	3.7	2.32	5.75	2.8	2.96	4.44	1.21	0.29	1.77	2.59	0.24	0.52	3.37	3.32	2.29	4.19	5.66	2.41	4.27	6.38	3.24	4.47	4.02	5.18	3.05	1.93	4.26	2.21	3.93
ENSG00000183779	2.22	2.28	1.78	1.06	1.12	4.21	3.88	3.18	7.6	2.72	5.04	3.34	3.21	4	3.82	1.8	5.05	4.57	1.08	1.5	2.01	3.06	1.7	1.94	2.18	2.03	3.98	5.68	5.8	1.5	3.49	1.87	4.62	7.78	5.29	2.36	6.05	4.63	0.91	2.66	2.41	1.43	6.6	3.47	3.34	4.54	4.33	4.88	3.45	6.4	2.4	4.34
ENSG00000183853	4.61	3.79	5.35	5.42	5.68	3.61	1.96	0.07	0.66	6.21	0.01	1.51	2.55	1.49	5.79	5.7	0.1	0.31	4.79	3.95	5.55	3.53	2.49	5.18	6.35	3.04	5.46	3.59	0.9	4.73	5.31	5.01	0	0	1.63	4.36	0.2	0.11	5.1	0	7.33	4.98	1.09	5.06	1.49	2.52	3.49	1.71	0	0.57	0.12	2.21
ENSG00000184012	0	0.27	0.36	0.4	0.31	3.08	4.02	4.3	2.64	0	2.05	4.1	1.7	1.08	2.6	0.4	5.26	3.42	0.07	0.43	2.4	0.08	5.69	1.15	0.19	6.05	0.04	0.11	4.01	0.03	0.82	0	3.81	3.31	2.48	0.14	2.36	3.82	0.99	4.7	0	0.56	4.24	0	0.52	4.45	3.08	2.29	6.91	2.24	6.7	0.56
ENSG00000184254	7.36	6.98	5.5	5.24	4.91	4.11	5.19	1.7	1.26	0.19	1.02	6.73	4.05	4.79	8.75	2.83	8.24	0.51	3.03	5.82	9	9.25	4.2	7.62	0.93	5.29	3.52	8.38	4.11	4.34	6.58	5.88	0.51	0.6	4.89	1.68	0.85	0.51	4.84	5.46	0.74	5.02	6.2	7.97	1.61	3.92	2.91	2.19	7.89	2.9	5.4	1.94
ENSG00000185567	5.1	6.31	3.69	3.83	3.55	1.32	0.08	0.31	1.36	3.81	3.38	1.17	2.32	0.96	6.82	4.51	0.91	2.48	0.94	3.34	2.04	3.04	0.56	3.24	2.65	2.72	3.28	0.51	1.16	4.31	5.97	5.18	1.37	2.51	2.02	3	0.45	0.04	1.72	0.03	7.16	4.22	2.5	3.69	0.54	1.49	2.11	1.66	1.67	1.28	1.07	1.57
ENSG00000189280	5.73	6.17	5.61	5.11	5.31	0	1.52	0.08	0.07	0.07	0	2.59	3.2	1.76	3.93	0.23	0	0.39	0.19	6.15	6	4.34	3.96	3.99	0.24	3.87	0.07	0.33	0.7	5.84	5.36	6.87	0.19	1.33	3.6	0	1.43	0.06	6.3	1.69	0.69	5.46	1.28	5.97	3.5	2.92	2.12	1.75	1.37	0.23	0	0
ENSG00000196187	3.08	3.37	6.25	6.61	6.48	7.27	7.49	5.38	6.34	2.63	5.22	6.18	5.18	6.07	4.21	3.9	6.29	4.2	5.45	4.64	5.25	5.46	6.64	4.93	4.17	6.18	3.87	4.69	4.35	4.46	4.34	3.56	4.56	5.1	6.64	4.26	6	6.77	4.87	6.36	4.02	6.41	6.08	5.02	5.62	5.02	5.12	4.78	6.14	5.88	6.48	4.44
ENSG00000196656	11.04	10.65	10.02	10.15	10.17	9.01	10.39	9.06	9.49	9.76	9.54	10.7	10.89	10.89	9.54	8.63	9.54	10	9.41	10.14	9.41	9.92	9.05	10.2	9.93	9.12	9.69	9.47	10.3	10.7	11.2	11.12	9.71	8.72	9.63	10.5	9.37	9.52	10.16	11.29	10.42	10.32	10.8	10.13	11.07	11.15	10.98	10.86	10.4	10.93	9.23	11.03
ENSG00000196754	12.81	11.98	5.83	6.66	6.59	3.85	2.33	2.34	2.28	7.19	1.54	2.35	1.45	2.44	11.77	6.1	1.36	1.4	2.32	11.84	8.5	9.66	3.63	9.58	6.45	7.99	4.22	3.9	3.48	12.78	10.62	12.85	1.48	0.54	2.46	3.33	1.77	2.88	6.92	0	6.41	8.41	3.77	10.83	3.43	2.96	3.06	1.86	3.58	1.64	2.68	3.17
ENSG00000197119	3.06	4.74	4.2	4.2	3.77	5.27	5.59	5.18	7.31	4.8	4.93	5.09	6.46	6.16	3.47	3.25	4.38	5.73	3.5	3.25	4.02	4.23	5.43	5.9	3	4.24	4.58	2.5	6.03	3.47	3.21	3.58	5.3	4.81	6.62	3.31	5.2	7.4	5.13	5.51	4.34	5.13	5.91	4.06	4.46	5.36	5.13	6.7	6.88	6.99	5.12	6.37
ENSG00000198034	10.46	10.5	9.34	9.16	9.06	10.02	9.67	8.88	8.45	9.88	8.9	9.24	9.26	9.07	9.83	9.18	8.5	10.26	9.1	8.93	8.41	9.75	7.58	9.45	9.52	9.33	8.91	9.4	8.28	10.31	10.5	10.28	9.63	9.63	8.8	10.1	8.04	9.01	9.74	10.18	8.81	9.18	8.62	9.14	9.62	9.01	8.25	9.75	8.71	9.66	8.62	9.8
ENSG00000203306	6.2	3.6	3.18	3.43	3.16	1.76	4.53	0.95	1.12	0.77	0.96	1.64	2.5	1.91	2.01	1.39	1.74	1.9	1.14	3.59	2.91	1.69	2.54	0.71	0.96	0.82	3.61	1.99	1.21	3.85	3.92	5.02	1.37	1.82	1.95	1.84	2.73	1.82	1.46	4.29	1.46	2.11	1.36	4.92	1.83	1.43	1.76	1.31	1.85	1.46	1.46	1.53
ENSG00000204219	1.84	1.28	1.96	2.12	2.39	5.12	2.68	2.09	4.87	0	6.23	0.3	3.12	3.61	0.5	1.73	5.41	4.32	6.84	1.53	2.97	0.3	4.53	0	2.38	6.04	0.27	0.29	3.89	0.38	0.6	1.71	2.59	3.64	3.28	2.98	3.24	5.38	0.93	2.44	0.92	0.86	6.94	4.86	3.82	5.2	4.19	5.57	5.31	6.44	5.01	6
ENSG00000204267	5.25	5.63	5.76	5.77	6.09	3.08	5.63	2.4	5	5.07	4.69	5.57	5.26	3.39	6.6	6.61	3.54	5.45	5.76	7.55	7.35	5.85	4.65	6.08	6.58	7.07	6.11	5.93	4.82	5.37	5.39	5.74	2.88	5.26	3.08	6.52	2.95	2.54	7.22	2.56	5.77	5.92	4.83	7.15	4.63	5.56	6.46	4.19	4.37	4.38	2.49	4.55
ENSG00000206075	7.2	8.12	3.82	4.17	4.05	3.54	0.07	0.52	0.29	0.06	0.03	0	0	0	6.01	3.12	0.12	0.04	3.45	6.98	5.1	5.01	3.93	5.07	1.48	5.11	0	4.16	0.14	7.61	7.69	6.17	0.03	1.17	3.39	0.04	2.86	0.15	6.07	0	0	4.95	3.35	5.16	4.08	0.23	1.01	0	0	0.24	0.08	0.62
ENSG00000214530	6.63	6.4	7.16	6.52	6.32	7.12	9.22	9.59	10.3	4.11	8.37	10.46	10.06	11.02	5.79	4.09	10.72	9.81	7.63	5.71	7.08	6.85	8.17	6.2	3.46	6.54	3.77	5.99	10.21	4.11	5.44	3.7	9.71	8.57	8.8	4.59	9.03	9.8	7.66	9.67	4.2	6.9	9.19	5.62	10	7.95	7.84	10.62	10.22	10.3	8.6	9.78
ENSG00000226287	5.19	4.26	3.92	2.35	2.48	1.61	5.69	3.5	5.74	1.77	5.06	5.73	5.35	5.42	4.99	1.92	4.24	3.92	4.66	3.24	4.24	4.66	3.33	4.83	1.22	2.99	2.62	3.28	6.02	3.87	4.43	3.2	4.87	4.56	4.45	2	4.98	6.05	4.53	5.94	2.17	4.64	5.06	4.72	5.16	4.69	4.92	7.06	5.15	6.83	2.41	5.41
ENSG00000227036	5.21	5.16	4.28	4.19	4.18	1.89	0.78	0.54	1.11	0.29	0.31	2.11	0.85	1.15	7.17	4.2	0.11	1.42	3.92	3.32	3.9	5.31	1.82	5.08	4.24	5.4	1.59	0.06	1.77	4.69	5.6	4.49	0.48	0.3	1.57	3.95	1.79	0.46	6.64	0.6	1.54	2.77	1.53	4.33	2.06	1.98	1.48	0.18	2.43	1.67	1.1	1.77
ENSG00000235750	3.75	4.42	3.56	3.88	3.78	4.86	4.87	5.08	6.09	0	5.35	4.22	4.19	6.12	2.67	0.33	4.44	5.14	2.84	5.44	4.32	4.05	3.48	2.48	0.07	4.4	0.65	3.48	3.23	4.73	2.92	4	3.57	5.38	3.34	1.09	3.58	4.98	4.24	3.11	0.12	1.62	3.69	4.18	5.15	2.49	3.63	4.43	4.87	4.4	5.22	3.09
ENSG00000241978	5.3	3.59	3.35	3.57	3.98	2.97	4.04	1.52	0.62	5.24	0	1.18	2	0.57	3.86	3.06	0.19	0.15	4.27	4.91	4.95	2.88	3.78	4.09	5.29	2.08	5.1	5.11	1.18	4.67	5.18	5.81	0.38	0.43	1.66	6.08	0.43	0.12	5.19	2.52	3.95	4.82	2.17	5.6	0.86	1.19	1.01	1.37	2.53	0.7	0.76	0.68
ENSG00000249992	1.03	0.24	3.45	3.51	3.74	0	0.04	0.97	0	6.89	0.1	0.15	0.18	0.48	2.47	2.71	0.06	0.12	2.99	1.21	2.08	1.39	0.15	1.84	2.25	0.18	6.16	2.43	0.82	0.24	2.74	0.26	0.08	1.09	0.7	2.52	0.2	0	3.49	0	1.8	1.62	0.45	1.7	0.44	0.08	0.63	1.29	0.81	0.16	0.16	0.12
ENSG00000254087	3.52	2.37	4.35	4.27	4.29	2.56	0.2	0.51	1.21	0.36	0.72	0.71	2.39	0.68	2.68	2.09	0.23	0.07	4.92	4.1	4.45	4.48	2.77	3.45	2.01	6.26	0.94	5.72	0.99	3.81	4.24	3.82	0.41	0	0.61	3.78	0.36	0	4.51	0	2.03	2.69	1.56	3.64	2.34	2.02	2.62	0.71	0	1.2	0	0.96
